#Layer_Color=0
#
#Feature symbol names
#
$0 r3.937
$1 r1.9685
$2 r7.874

#
#Feature attribute names
#

#
#Layer features
#
L -0.0101347 -0.6206463 0.0292353 -0.6206463 0 P 0
L -0.019685 0.6223887 0.019685 0.6223887 0 P 0
L -0.0239143 -0.5674967 0.0430149 -0.5674967 1 P 0
L -0.0239143 -0.6737959 -0.0239143 -0.5674967 1 P 0
L -0.0239143 -0.6737959 0.0430149 -0.6737959 1 P 0
L -0.0334645 0.6755381 0.0334645 0.6755381 1 P 0
L -0.0334646 0.569239 -0.0334645 0.6755381 1 P 0
L -0.0334646 0.569239 0.0334646 0.569239 1 P 0
L -0.0596101 -0.6729442 -0.0596101 -0.566645 1 P 0
L -0.066544 0.5689135 -0.066544 0.6752127 1 P 0
L -0.0930747 -0.6394796 -0.0930747 -0.6001095 0 P 0
L -0.1000086 0.6023781 -0.1000086 0.6417482 0 P 0
L -0.1127597 -0.6197946 -0.0733897 -0.6197946 0 P 0
L -0.1196936 0.6220631 -0.0803236 0.6220631 0 P 0
L -0.1265393 -0.566645 -0.0596101 -0.566645 1 P 0
L -0.1265393 -0.6729442 -0.0596101 -0.6729442 1 P 0
L -0.1265393 -0.6729442 -0.1265393 -0.566645 1 P 0
L -0.1334732 0.5689135 -0.066544 0.5689135 1 P 0
L -0.1334732 0.5689135 -0.1334732 0.6752127 1 P 0
L -0.1334732 0.6752127 -0.066544 0.6752127 1 P 0
L -0.16303 -0.6729442 -0.16303 -0.566645 1 P 0
L -0.1649803 0.5689135 -0.1649803 0.6752127 1 P 0
L -0.1964946 -0.6394796 -0.1964946 -0.6001095 0 P 0
L -0.1984449 0.6023781 -0.1984449 0.6417482 0 P 0
L -0.2161796 -0.6197946 -0.1768096 -0.6197946 0 P 0
L -0.2181299 0.6220631 -0.1787599 0.6220631 0 P 0
L -0.2184645 -0.4304016 -0.2184645 -0.3555984 1 P 0
L -0.2299592 -0.566645 -0.16303 -0.566645 1 P 0
L -0.2299592 -0.6729442 -0.16303 -0.6729442 1 P 0
L -0.2299592 -0.6729442 -0.2299592 -0.566645 1 P 0
L -0.2319095 0.5689135 -0.1649803 0.5689135 1 P 0
L -0.2319095 0.5689135 -0.2319095 0.6752127 1 P 0
L -0.2319095 0.6752127 -0.1649803 0.6752127 1 P 0
L -0.2659015 -0.672944 -0.2659014 -0.5666449 1 P 0
L -0.2683859 0.5689137 -0.2683858 0.6752128 1 P 0
L -0.2834252 -0.412685 -0.2834252 -0.373315 0 P 0
L -0.299366 -0.6394796 -0.299366 -0.6001094 0 P 0
L -0.3018504 0.6023781 -0.3018504 0.6417483 0 P 0
L -0.3031102 -0.393 -0.2637401 -0.393 0 P 0
L -0.319051 -0.6197946 -0.279681 -0.6197946 0 P 0
L -0.3215354 0.6220631 -0.2821654 0.6220631 0 P 0
L -0.3301515 -0.1755624 -0.3301514 -0.1125703 1 P 0
L -0.3328305 -0.672944 -0.2659015 -0.672944 1 P 0
L -0.3328306 -0.5666449 -0.2659014 -0.5666449 1 P 0
L -0.3328306 -0.5666449 -0.3328305 -0.672944 1 P 0
L -0.3353149 0.5689137 -0.2683859 0.5689137 1 P 0
L -0.335315 0.6752128 -0.2683858 0.6752128 1 P 0
L -0.335315 0.6752128 -0.3353149 0.5689137 1 P 0
L -0.3483858 -0.3555984 -0.2184645 -0.3555984 1 P 0
L -0.3483858 -0.4304016 -0.2184645 -0.4304016 1 P 0
L -0.3483858 -0.4304016 -0.3483858 -0.3555984 1 P 0
L -0.3630202 -0.5666452 -0.3630201 -0.6729443 1 P 0
L -0.383301 -0.1637514 -0.383301 -0.1243813 0 P 0
L -0.3964847 -0.6394796 -0.3964847 -0.6001096 0 P 0
L -0.396678 -0.271557 -0.3966779 -0.2085649 1 P 0
L -0.402986 -0.1440663 -0.3636159 -0.1440663 0 P 0
L -0.4161697 -0.6197946 -0.3767997 -0.6197946 0 P 0
L -0.4299492 -0.5666452 -0.3630202 -0.5666452 1 P 0
L -0.4299493 -0.6729443 -0.3630201 -0.6729443 1 P 0
L -0.4299493 -0.6729443 -0.4299492 -0.5666452 1 P 0
L -0.4364505 -0.1755624 -0.3301515 -0.1755624 1 P 0
L -0.4364506 -0.1125703 -0.3301514 -0.1125703 1 P 0
L -0.4364506 -0.1125703 -0.4364505 -0.1755624 1 P 0
L -0.4498275 -0.259746 -0.4498275 -0.2203759 0 P 0
L -0.4692209 0.5689135 -0.4692209 0.6752127 1 P 0
L -0.4695125 -0.2400609 -0.4301424 -0.2400609 0 P 0
L -0.5026855 0.6023781 -0.5026855 0.6417482 0 P 0
L -0.502977 -0.271557 -0.396678 -0.271557 1 P 0
L -0.5029771 -0.2085649 -0.3966779 -0.2085649 1 P 0
L -0.5029771 -0.2085649 -0.502977 -0.271557 1 P 0
L -0.5223705 0.6220631 -0.4830005 0.6220631 0 P 0
L -0.5319902 -0.2664003 -0.5319902 -0.1915972 1 P 0
L -0.5361501 0.5689135 -0.4692209 0.5689135 1 P 0
L -0.5361501 0.5689135 -0.5361501 0.6752127 1 P 0
L -0.5361501 0.6752127 -0.4692209 0.6752127 1 P 0
L -0.5404929 -0.3720531 -0.5404929 -0.3051239 2 P 0
L -0.5969509 -0.2486837 -0.5969508 -0.2093137 0 P 0
L -0.6166359 -0.2289987 -0.5772658 -0.2289987 0 P 0
L -0.6235255 0.5689135 -0.6235255 0.6752127 1 P 0
L -0.6507291 -0.3051239 -0.5404929 -0.3051239 2 P 0
L -0.6507291 -0.3720531 -0.5404929 -0.3720531 2 P 0
L -0.6507291 -0.3720531 -0.6507291 -0.3051239 2 P 0
L -0.6569901 0.6023781 -0.6569901 0.6417482 0 P 0
L -0.6619115 -0.1915971 -0.5319902 -0.1915972 1 P 0
L -0.6619116 -0.2664003 -0.5319902 -0.2664003 1 P 0
L -0.6619116 -0.2664003 -0.6619115 -0.1915971 1 P 0
L -0.6766751 0.6220631 -0.6373051 0.6220631 0 P 0
L -0.6904547 0.5689135 -0.6235255 0.5689135 1 P 0
L -0.6904547 0.5689135 -0.6904547 0.6752127 1 P 0
L -0.6904547 0.6752127 -0.6235255 0.6752127 1 P 0
L -0.7640708 0.5689135 -0.7640708 0.6752127 1 P 0
L -0.7975354 0.6023781 -0.7975354 0.6417482 0 P 0
L -0.8172204 0.6220631 -0.7778504 0.6220631 0 P 0
L -0.831 0.5689135 -0.7640708 0.5689135 1 P 0
L -0.831 0.5689135 -0.831 0.6752127 1 P 0
L -0.831 0.6752127 -0.7640708 0.6752127 1 P 0
L -0.8722898 -0.4185905 -0.8722898 -0.3083543 2 P 0
L -0.939219 -0.3083543 -0.8722898 -0.3083543 2 P 0
L -0.939219 -0.4185905 -0.8722898 -0.4185905 2 P 0
L -0.939219 -0.4185905 -0.939219 -0.3083543 2 P 0
L 0 0.6027037 0 0.6420737 0 P 0
L 0.0095503 -0.6403313 0.0095503 -0.6009612 0 P 0
L 0.0334645 0.6755381 0.0334646 0.569239 1 P 0
L 0.0430149 -0.6737959 0.0430149 -0.5674967 1 P 0
L 0.0685479 -0.5693755 0.068548 -0.6756746 1 P 0
L 0.0685479 -0.5693755 0.1354771 -0.5693755 1 P 0
L 0.068548 -0.6756746 0.135477 -0.6756746 1 P 0
L 0.0695349 0.5689133 0.0695349 0.6752126 1 P 0
L 0.0695349 0.5689133 0.1364641 0.5689133 1 P 0
L 0.0695349 0.6752126 0.1364641 0.6752126 1 P 0
L 0.0823275 -0.6225252 0.1216975 -0.6225252 0 P 0
L 0.0833145 0.622063 0.1226845 0.622063 0 P 0
L 0.1020125 -0.6422102 0.1020125 -0.60284 0 P 0
L 0.1029995 0.602378 0.1029995 0.6417481 0 P 0
L 0.135477 -0.6756746 0.1354771 -0.5693755 1 P 0
L 0.1364641 0.5689133 0.1364641 0.6752126 1 P 0
L 0.1627922 0.3688827 0.1627922 0.4318749 1 P 0
L 0.1627922 0.3688827 0.2690912 0.3688827 1 P 0
L 0.1627922 0.4318749 0.2690914 0.4318749 1 P 0
L 0.1665355 0.5689832 0.1665355 0.6752824 1 P 0
L 0.1665355 0.5689832 0.2334647 0.5689832 1 P 0
L 0.1665355 0.6752824 0.2334647 0.6752824 1 P 0
L 0.1689751 -0.5674966 0.1689752 -0.6737957 1 P 0
L 0.1689751 -0.5674966 0.2359043 -0.5674966 1 P 0
L 0.1689752 -0.6737957 0.2359042 -0.6737957 1 P 0
L 0.1803151 0.6221328 0.2196851 0.6221328 0 P 0
L 0.1827547 -0.6206463 0.2221247 -0.6206463 0 P 0
L 0.1962567 0.4003789 0.2356268 0.4003788 0 P 0
L 0.2000001 0.6024478 0.2000001 0.6418179 0 P 0
L 0.2024397 -0.6403313 0.2024397 -0.6009611 0 P 0
L 0.2159417 0.3806938 0.2159417 0.4200639 0 P 0
L 0.2334647 0.5689832 0.2334647 0.6752824 1 P 0
L 0.2359042 -0.6737957 0.2359043 -0.5674966 1 P 0
L 0.2675629 0.5689134 0.2675629 0.6752126 1 P 0
L 0.2675629 0.5689134 0.3344921 0.5689134 1 P 0
L 0.2675629 0.6752126 0.3344921 0.6752126 1 P 0
L 0.2690912 0.3688827 0.2690914 0.4318749 1 P 0
L 0.2755285 -0.5693755 0.2755286 -0.6756746 1 P 0
L 0.2755285 -0.5693755 0.3424577 -0.5693755 1 P 0
L 0.2755286 -0.6756746 0.3424576 -0.6756746 1 P 0
L 0.2813425 0.622063 0.3207125 0.622063 0 P 0
L 0.2893081 -0.6225252 0.3286781 -0.6225252 0 P 0
L 0.3010275 0.602378 0.3010275 0.6417481 0 P 0
L 0.3089931 -0.6422102 0.3089931 -0.60284 0 P 0
L 0.3344921 0.5689134 0.3344921 0.6752126 1 P 0
L 0.3424576 -0.6756746 0.3424577 -0.5693755 1 P 0
L 0.3687007 0.6752126 0.3687008 0.5689135 1 P 0
L 0.3687007 0.6752126 0.4356299 0.6752126 1 P 0
L 0.3687008 0.5689135 0.4356298 0.5689135 1 P 0
L 0.3824803 0.622063 0.4218503 0.622063 0 P 0
L 0.3979102 -0.6900958 0.4452363 -0.6427697 1 P 0
L 0.3979102 -0.6900958 0.4730751 -0.7652607 1 P 0
L 0.4021653 0.602378 0.4021653 0.6417481 0 P 0
L 0.4356298 0.5689135 0.4356299 0.6752126 1 P 0
L 0.4452362 -0.6900957 0.4730751 -0.7179346 0 P 0
L 0.4452363 -0.6427697 0.5204012 -0.7179346 1 P 0
L 0.4452363 -0.7179346 0.4730751 -0.6900958 0 P 0
L 0.468121 -0.6198851 0.5154471 -0.5725591 1 P 0
L 0.468121 -0.6198851 0.5432858 -0.6950499 1 P 0
L 0.4730751 -0.7652607 0.5204012 -0.7179346 1 P 0
L 0.515447 -0.619885 0.5432858 -0.6477238 0 P 0
L 0.5154471 -0.5725591 0.5906118 -0.6477238 1 P 0
L 0.5154471 -0.6477238 0.5432858 -0.6198851 0 P 0
L 0.5432858 -0.6950499 0.5906118 -0.6477238 1 P 0
L 0.7747602 0.6275417 0.830438 0.5718639 2 P 0
L 0.7747602 0.6275417 0.8970006 0.7497821 2 P 0
L 0.830438 0.5718639 0.9526784 0.6941043 2 P 0
L 0.8970006 0.7497821 0.9526784 0.6941043 2 P 0
S P 0
OB -0.4670866 -1.1694488 I
OS -0.4670866 -0.9205512
OS 0.4670866 -0.9205512
OS 0.4670866 -1.1694488
OS -0.4670866 -1.1694488
OE
SE
S P 0
OB -0.4670866 0.9205512 I
OS -0.4670866 1.1694488
OS 0.4670866 1.1694488
OS 0.4670866 0.9205512
OS -0.4670866 0.9205512
OE
SE
