#Layer_Color=32768
#
#Feature symbol names
#
$0 r7.874
$1 r1.9685
$2 r3.937

#
#Feature attribute names
#

#
#Layer features
#
L -0.0753464 -0.6100158 -0.0753464 -0.5706457 2 P 0
L -0.0753464 -0.7356851 -0.0753464 -0.696315 2 P 0
L -0.0775719 0.2706267 -0.0775719 0.3690519 1 P 0
L -0.0780958 0.5438371 -0.0780958 0.6107663 0 P 0
L -0.0780958 0.5438371 0.0321404 0.5438371 0 P 0
L -0.0780958 0.6107663 0.0321404 0.6107663 0 P 0
L -0.0864359 0.0005526 -0.0864359 0.0674818 0 P 0
L -0.0871574 0.0859255 -0.0871574 0.1528547 0 P 0
L -0.0892526 0.1570195 -0.0892526 0.2830037 0 P 0
L -0.0892526 0.1570195 0.1333842 0.1570195 0 P 0
L -0.0892526 0.2830037 0.1333842 0.2830037 0 P 0
L -0.0950314 -0.5903308 -0.0556614 -0.5903308 2 P 0
L -0.0950314 -0.716 -0.0556614 -0.716 2 P 0
L -0.0952884 0.202295 -0.0952884 0.2770982 1 P 0
L -0.1009778 0.7143095 -0.1009778 0.7536796 2 P 0
L -0.1183238 0.5438371 -0.1183238 0.6107663 0 P 0
L -0.1206628 0.7339946 -0.0812927 0.7339946 2 P 0
L -0.1366328 -0.8765122 -0.1366328 -0.7741498 1 P 0
L -0.1380438 -0.2458727 -0.1380438 -0.1159514 1 P 0
L -0.1521181 -0.5509607 0.0014253 -0.5509607 1 P 0
L -0.1521181 -0.6297008 -0.1521181 -0.5509607 1 P 0
L -0.1521181 -0.6297008 0.0014253 -0.6297008 1 P 0
L -0.1521181 -0.67663 0.0014253 -0.67663 1 P 0
L -0.1521181 -0.7553701 -0.1521181 -0.67663 1 P 0
L -0.1521181 -0.7553701 0.0014253 -0.7553701 1 P 0
L -0.1602491 0.2200116 -0.1602491 0.2593816 2 P 0
L -0.1602491 0.3001543 -0.1602491 0.3395243 2 P 0
L -0.1710816 -0.4811816 -0.1710816 -0.3788194 1 P 0
L -0.1754454 -0.2005971 -0.1754454 -0.161227 2 P 0
L -0.1799341 0.2396966 -0.1405641 0.2396966 2 P 0
L -0.1799341 0.3198393 -0.140564 0.3198393 2 P 0
L -0.1951304 -0.1809121 -0.1557604 -0.1809121 2 P 0
L -0.1966721 0.0005526 -0.0864359 0.0005526 0 P 0
L -0.1966721 0.0005526 -0.1966721 0.0674818 0 P 0
L -0.1966721 0.0674818 -0.0864359 0.0674818 0 P 0
L -0.1973936 0.0859255 -0.0871574 0.0859255 0 P 0
L -0.1973936 0.0859255 -0.1973936 0.1528547 0 P 0
L -0.1973936 0.1528547 -0.0871574 0.1528547 0 P 0
L -0.212847 -0.1159514 -0.1380438 -0.1159514 1 P 0
L -0.212847 -0.2458727 -0.1380438 -0.2458727 1 P 0
L -0.212847 -0.2458727 -0.212847 -0.1159514 1 P 0
L -0.2212785 -0.845016 -0.2212785 -0.8056459 2 P 0
L -0.223247 -0.5644651 -0.223247 -0.4975359 1 P 0
L -0.2252097 0.202295 -0.0952884 0.202295 1 P 0
L -0.2252097 0.202295 -0.2252097 0.2770982 1 P 0
L -0.2252097 0.2770982 -0.0952884 0.2770982 1 P 0
L -0.22856 0.5438371 -0.1183238 0.5438371 0 P 0
L -0.22856 0.5438371 -0.22856 0.6107663 0 P 0
L -0.22856 0.6107663 -0.1183238 0.6107663 0 P 0
L -0.2409635 -0.825331 -0.2015934 -0.825331 2 P 0
L -0.2427101 0.6296639 -0.2427101 0.8383253 1 P 0
L -0.2427101 0.6296639 0.0407545 0.6296639 1 P 0
L -0.2427101 0.8383253 0.0407545 0.8383253 1 P 0
L -0.2429262 0.2706267 -0.0775719 0.2706267 1 P 0
L -0.2429262 0.2706267 -0.2429262 0.3690519 1 P 0
L -0.2429262 0.3690519 -0.0775719 0.3690519 1 P 0
L -0.2576958 -0.4496855 -0.2576958 -0.4103154 2 P 0
L -0.2576958 -0.6631655 -0.2576958 -0.5962362 1 P 0
L -0.2576958 -0.7494651 -0.2576958 -0.6825359 1 P 0
L -0.2743894 -0.1146048 -0.2743894 0.1058676 1 P 0
L -0.2763966 -0.5506855 -0.2763966 -0.5113155 2 P 0
L -0.2773809 -0.4300005 -0.2380108 -0.4300005 2 P 0
L -0.283791 0.7368533 -0.283791 0.8037825 0 P 0
L -0.2960816 -0.5310005 -0.2567115 -0.5310005 2 P 0
L -0.3059241 -0.7741499 -0.1366328 -0.7741498 1 P 0
L -0.3059241 -0.8765121 -0.1366328 -0.8765122 1 P 0
L -0.3059241 -0.8765121 -0.3059241 -0.7741499 1 P 0
L -0.3108454 -0.6493859 -0.3108454 -0.6100158 2 P 0
L -0.3108454 -0.7356855 -0.3108454 -0.6963155 2 P 0
L -0.3124443 -0.2704787 -0.3124442 -0.1641796 1 P 0
L -0.3278268 -0.8572899 -0.3278268 -0.7785497 0 P 0
L -0.3295462 -0.4975359 -0.223247 -0.4975359 1 P 0
L -0.3295462 -0.5644651 -0.223247 -0.5644651 1 P 0
L -0.3295462 -0.5644651 -0.3295462 -0.4975359 1 P 0
L -0.3305304 -0.7160005 -0.2911603 -0.7160005 2 P 0
L -0.3305305 -0.6297008 -0.2911604 -0.6297008 2 P 0
L -0.34431 -0.3788194 -0.1710816 -0.3788194 1 P 0
L -0.34431 -0.4811816 -0.1710816 -0.4811816 1 P 0
L -0.34431 -0.4811816 -0.34431 -0.3788194 1 P 0
L -0.3459088 -0.2370143 -0.3459088 -0.1976443 2 P 0
L -0.3542244 -0.3979695 -0.3542243 -0.5672608 1 P 0
L -0.3639949 -0.6631653 -0.2576958 -0.6631655 1 P 0
L -0.363995 -0.5962362 -0.2576958 -0.5962362 1 P 0
L -0.363995 -0.5962362 -0.3639949 -0.6631653 1 P 0
L -0.3639952 -0.6825359 -0.2576958 -0.6825359 1 P 0
L -0.3639952 -0.7494651 -0.2576958 -0.7494651 1 P 0
L -0.3639952 -0.7494651 -0.3639952 -0.6825359 1 P 0
L -0.3655938 -0.2173293 -0.3262238 -0.2173293 2 P 0
L -0.3793733 -0.2704787 -0.3124443 -0.2704787 1 P 0
L -0.3793734 -0.1641796 -0.3124442 -0.1641796 1 P 0
L -0.3793734 -0.1641796 -0.3793733 -0.2704787 1 P 0
L -0.3940272 0.7368533 -0.283791 0.7368533 0 P 0
L -0.3940272 0.7368533 -0.3940272 0.8037825 0 P 0
L -0.3940272 0.8037825 -0.283791 0.8037825 0 P 0
L -0.4004842 -0.2704789 -0.4004842 -0.1641797 1 P 0
L -0.4054055 -0.5023001 -0.4054055 -0.4629301 2 P 0
L -0.4128232 0.1193901 -0.4128232 0.1863193 0 P 0
L -0.4142638 -0.7320632 -0.4142638 -0.5863938 1 P 0
L -0.4250906 -0.4826151 -0.3857205 -0.4826151 2 P 0
L -0.4279327 -0.0240537 -0.4279327 0.0153164 2 P 0
L -0.4339488 -0.2370144 -0.4339488 -0.1976443 2 P 0
L -0.4474409 -0.9101575 0.4474409 -0.9101575 1 P 0
L -0.4474409 -1.1798425 -0.4474409 -0.9101575 1 P 0
L -0.4474409 -1.1798425 0.4474409 -1.1798425 1 P 0
L -0.4474409 1.1798425 0.4474409 1.1798425 1 P 0
L -0.447441 0.9101575 -0.4474409 1.1798425 1 P 0
L -0.447441 0.9101575 0.4474409 0.9101575 1 P 0
L -0.4476178 -0.0043686 -0.4082477 -0.0043686 2 P 0
L -0.4536338 -0.2173293 -0.4142638 -0.2173293 2 P 0
L -0.4565866 -0.3979695 -0.3542244 -0.3979695 1 P 0
L -0.4565867 -0.5672608 -0.3542243 -0.5672608 1 P 0
L -0.4565867 -0.5672608 -0.4565866 -0.3979695 1 P 0
L -0.4674134 -0.1641797 -0.4004842 -0.1641797 1 P 0
L -0.4674134 -0.2704789 -0.4004842 -0.2704789 1 P 0
L -0.4674134 -0.2704789 -0.4674134 -0.1641797 1 P 0
L -0.4831335 0.6689535 -0.4831335 0.7791897 0 P 0
L -0.4882599 -0.5506856 -0.4882599 -0.4719454 0 P 0
L -0.493532 -0.1602429 -0.4935319 -0.266542 1 P 0
L -0.5007007 -0.7785497 -0.3278268 -0.7785497 0 P 0
L -0.5007007 -0.8572899 -0.3278268 -0.8572899 0 P 0
L -0.5007007 -0.8572899 -0.5007007 -0.7785497 0 P 0
L -0.5230594 0.1193901 -0.4128232 0.1193901 0 P 0
L -0.5230594 0.1193901 -0.5230594 0.1863193 0 P 0
L -0.5230594 0.1863193 -0.4128232 0.1863193 0 P 0
L -0.5269965 -0.2330775 -0.5269965 -0.1937073 2 P 0
L -0.5382795 -0.6789135 -0.5382795 -0.6395434 2 P 0
L -0.544185 -0.8316994 -0.544185 -0.7647702 0 P 0
L -0.5466815 -0.2133923 -0.5073115 -0.2133923 2 P 0
L -0.5500627 0.6689535 -0.4831335 0.6689535 0 P 0
L -0.5500627 0.6689535 -0.5500627 0.7791897 0 P 0
L -0.5500627 0.7791897 -0.4831335 0.7791897 0 P 0
L -0.5527598 -0.9643755 -0.5527598 -0.8856353 0 P 0
L -0.5565732 0.8454863 -0.5565732 0.9124155 1 P 0
L -0.5579646 -0.6592284 -0.5185945 -0.6592284 2 P 0
L -0.560461 -0.1602429 -0.493532 -0.1602429 1 P 0
L -0.5604611 -0.266542 -0.4935319 -0.266542 1 P 0
L -0.5604611 -0.266542 -0.560461 -0.1602429 1 P 0
L -0.5723213 0.8150357 -0.5723212 0.5630672 1 P 0
L -0.581476 -0.1146048 -0.2743894 -0.1146048 1 P 0
L -0.581476 -0.1146048 -0.581476 0.1058676 1 P 0
L -0.581476 0.1058676 -0.2743894 0.1058676 1 P 0
L -0.6097228 0.8592659 -0.6097228 0.8986359 2 P 0
L -0.6294078 0.8789509 -0.5900377 0.8789509 2 P 0
L -0.6402349 0.03008 -0.6402349 0.1285052 1 P 0
L -0.6451559 0.6693664 -0.6451559 0.7087365 2 P 0
L -0.6544212 -0.7647702 -0.544185 -0.7647702 0 P 0
L -0.6544212 -0.8316994 -0.544185 -0.8316994 0 P 0
L -0.6544212 -0.8316994 -0.6544212 -0.7647702 0 P 0
L -0.6611338 -0.4719454 -0.4882599 -0.4719454 0 P 0
L -0.6611338 -0.5506856 -0.4882599 -0.5506856 0 P 0
L -0.6611338 -0.5506856 -0.6611338 -0.4719454 0 P 0
L -0.6622953 -0.7320631 -0.4142638 -0.7320632 1 P 0
L -0.6622954 -0.5863938 -0.4142638 -0.5863938 1 P 0
L -0.6622954 -0.5863938 -0.6622953 -0.7320631 1 P 0
L -0.6628724 0.8454863 -0.5565732 0.8454863 1 P 0
L -0.6628724 0.8454863 -0.6628724 0.9124155 1 P 0
L -0.6628724 0.9124155 -0.5565732 0.9124155 1 P 0
L -0.664841 0.6890514 -0.6254709 0.6890514 2 P 0
L -0.6650969 0.1238589 -0.6650969 0.198662 1 P 0
L -0.695353 -0.8319574 -0.695353 -0.6980993 0 P 0
L -0.6990036 -0.5949296 -0.6990036 -0.4610714 0 P 0
L -0.7085345 -0.6803433 -0.7085345 -0.6134141 0 P 0
L -0.7179906 0.5630672 -0.5723212 0.5630672 1 P 0
L -0.7179906 0.5630672 -0.7179906 0.8150357 1 P 0
L -0.7179906 0.8150357 -0.5723213 0.8150357 1 P 0
L -0.722912 0.0596076 -0.722912 0.0989776 2 P 0
L -0.7256337 -0.8856353 -0.5527598 -0.8856353 0 P 0
L -0.7256337 -0.9643755 -0.5527598 -0.9643755 0 P 0
L -0.7256337 -0.9643755 -0.7256337 -0.8856353 0 P 0
L -0.7300575 0.1415754 -0.7300575 0.1809454 2 P 0
L -0.7379315 0.5893095 -0.7379315 0.6995457 0 P 0
L -0.7425971 0.0792926 -0.703227 0.0792926 2 P 0
L -0.7497427 0.1612604 -0.7103725 0.1612604 2 P 0
L -0.7950181 0.198662 -0.6650969 0.198662 1 P 0
L -0.7950182 0.1238588 -0.6650969 0.1238589 1 P 0
L -0.7950182 0.1238588 -0.7950181 0.198662 1 P 0
L -0.8048607 0.5893095 -0.7379315 0.5893095 0 P 0
L -0.8048607 0.5893095 -0.8048607 0.6995457 0 P 0
L -0.8048607 0.6995457 -0.7379315 0.6995457 0 P 0
L -0.8055892 0.03008 -0.6402349 0.03008 1 P 0
L -0.8055892 0.03008 -0.8055892 0.1285052 1 P 0
L -0.8055892 0.1285052 -0.6402349 0.1285052 1 P 0
L -0.8177507 0.2587115 -0.8177506 0.3256407 0 P 0
L -0.8187707 -0.6134141 -0.7085345 -0.6134141 0 P 0
L -0.8187707 -0.6803433 -0.7085345 -0.6803433 0 P 0
L -0.8187707 -0.6803433 -0.8187707 -0.6134141 0 P 0
L -0.8215247 0.1150109 -0.8215247 0.2409948 0 P 0
L -0.8292112 -0.6980993 -0.695353 -0.6980993 0 P 0
L -0.8292112 -0.8319574 -0.695353 -0.8319574 0 P 0
L -0.8292112 -0.8319574 -0.8292112 -0.6980993 0 P 0
L -0.8328618 -0.4610714 -0.6990036 -0.4610714 0 P 0
L -0.8328618 -0.5949296 -0.6990036 -0.5949296 0 P 0
L -0.8328618 -0.5949296 -0.8328618 -0.4610714 0 P 0
L -0.9279868 0.2587115 -0.8177507 0.2587115 0 P 0
L -0.927987 0.3256406 -0.8177506 0.3256407 0 P 0
L -0.927987 0.3256406 -0.9279868 0.2587115 0 P 0
L -0.945676 0.0261431 -0.9456759 0.0930722 0 P 0
L -1.0182084 0.386744 -0.8544288 0.6704185 1 P 0
L -1.0441615 0.1150109 -0.8215247 0.1150109 0 P 0
L -1.0441615 0.1150109 -1.0441615 0.2409948 0 P 0
L -1.0441615 0.2409948 -0.8215247 0.2409948 0 P 0
L -1.0447021 0.2478763 -1.0447021 0.3463015 1 P 0
L -1.0559122 0.026143 -0.945676 0.0261431 0 P 0
L -1.0559122 0.026143 -1.0559122 0.0930722 0 P 0
L -1.0559122 0.0930722 -0.9456759 0.0930722 0 P 0
L -1.0683241 0.1752155 -1.0683241 0.2500187 1 P 0
L -1.0755535 0.5862382 -1.0558683 0.6203338 1 P 0
L -1.0827587 0.6131286 -1.0486631 0.5934434 1 P 0
L -1.105667 0.0132139 -1.0487871 -0.3093688 1 P 0
L -1.1273793 0.2774039 -1.1273793 0.3167739 2 P 0
L -1.1332848 0.1929321 -1.1332848 0.2323021 2 P 0
L -1.1470643 0.2970889 -1.1076942 0.2970889 2 P 0
L -1.1529698 0.2126171 -1.1135997 0.2126171 2 P 0
L -1.1982455 0.1752156 -1.0683241 0.1752155 1 P 0
L -1.1982455 0.1752156 -1.1982455 0.2500187 1 P 0
L -1.1982455 0.2500187 -1.0683241 0.2500187 1 P 0
L -1.2100564 0.2478763 -1.0447021 0.2478763 1 P 0
L -1.2100564 0.2478763 -1.2100564 0.3463015 1 P 0
L -1.2100564 0.3463015 -1.0447021 0.3463015 1 P 0
L -1.2277846 -0.1546362 -1.2209485 -0.1934081 1 P 0
L -1.2385146 0.8921703 -0.8544288 0.6704185 1 P 0
L -1.2437524 -0.1774402 -1.2049806 -0.1706042 1 P 0
L -1.4022939 0.6084959 -1.0182084 0.386744 1 P 0
L -1.4022939 0.6084959 -1.2385146 0.8921703 1 P 0
L -1.485553 -0.3863824 -1.0487871 -0.3093688 1 P 0
L -1.5424327 -0.0637997 -1.105667 0.0132139 1 P 0
L -1.5424327 -0.0637997 -1.485553 -0.3863824 1 P 0
L 0.0014253 -0.6297008 0.0014253 -0.5509607 1 P 0
L 0.0014253 -0.7553701 0.0014253 -0.67663 1 P 0
L 0.0164251 0.3060597 0.0164251 0.3729889 0 P 0
L 0.0164251 0.3060597 0.1266613 0.3060597 0 P 0
L 0.0164251 0.3729889 0.1266613 0.3729889 0 P 0
L 0.0321404 0.5438371 0.0321404 0.6107663 0 P 0
L 0.0407545 0.6296639 0.0407545 0.8383253 1 P 0
L 0.0538266 -0.5542359 0.1286298 -0.5542359 1 P 0
L 0.0538266 -0.6841572 0.0538266 -0.5542359 1 P 0
L 0.0538266 -0.6841572 0.1286298 -0.6841572 1 P 0
L 0.0715432 -0.6191966 0.1109132 -0.6191966 2 P 0
L 0.0912282 -0.6388816 0.0912282 -0.5995115 2 P 0
L 0.1259107 0.0386814 0.1259107 0.1371066 1 P 0
L 0.1259107 0.0386814 0.291265 0.0386814 1 P 0
L 0.1259107 0.1371066 0.291265 0.1371066 1 P 0
L 0.1266613 0.3060597 0.1266613 0.3729889 0 P 0
L 0.1286298 -0.6841572 0.1286298 -0.5542359 1 P 0
L 0.1333842 0.1570195 0.1333842 0.2830037 0 P 0
L 0.1436272 -0.0575183 0.1436272 0.0094109 0 P 0
L 0.1436272 -0.0575183 0.2538634 -0.0575183 0 P 0
L 0.1436272 0.0094109 0.2538634 0.0094109 0 P 0
L 0.1495328 0.1351381 0.1495328 0.2099413 1 P 0
L 0.1495328 0.1351381 0.2794541 0.1351381 1 P 0
L 0.1495328 0.2099413 0.2794541 0.2099413 1 P 0
L 0.1519685 0.718178 0.1519685 0.8284142 0 P 0
L 0.1519685 0.718178 0.2188977 0.718178 0 P 0
L 0.1519685 0.8284142 0.2188977 0.8284142 0 P 0
L 0.1889028 0.087894 0.2282729 0.087894 2 P 0
L 0.1948083 0.1725397 0.2341785 0.1725397 2 P 0
L 0.2085879 0.068209 0.2085879 0.107579 2 P 0
L 0.2144935 0.1528547 0.2144935 0.1922247 2 P 0
L 0.2188977 0.718178 0.2188977 0.8284142 0 P 0
L 0.2440335 0.6895367 0.2440335 0.8570554 0 P 0
L 0.2440335 0.6895367 0.3778917 0.6895367 0 P 0
L 0.2440335 0.8570554 0.3778917 0.8570554 0 P 0
L 0.2484333 0.5991441 0.2484333 0.6660733 0 P 0
L 0.2484333 0.5991441 0.3586695 0.5991441 0 P 0
L 0.2484333 0.6660733 0.3586695 0.6660733 0 P 0
L 0.2538634 -0.0575183 0.2538634 0.0094109 0 P 0
L 0.2794541 0.1351381 0.2794541 0.2099413 1 P 0
L 0.291265 0.0386814 0.291265 0.1371066 1 P 0
L 0.3262205 -0.0978726 0.3262205 0.1226 1 P 0
L 0.3262205 -0.0978726 0.6333071 -0.0978726 1 P 0
L 0.3262205 0.1226 0.6333071 0.1226 1 P 0
L 0.3555342 -0.1598159 0.3555343 -0.266115 1 P 0
L 0.3555342 -0.1598159 0.4224634 -0.1598159 1 P 0
L 0.3555343 -0.266115 0.4224633 -0.266115 1 P 0
L 0.3586695 0.5991441 0.3586695 0.6660733 0 P 0
L 0.3693138 -0.2129656 0.4086838 -0.2129656 2 P 0
L 0.3746402 -0.8265032 0.741646 -1.0834836 1 P 0
L 0.3746402 -0.8265032 0.8682773 -0.1215164 1 P 0
L 0.3778917 0.6895367 0.3778917 0.8570554 0 P 0
L 0.3889988 -0.2326506 0.3889988 -0.1932806 2 P 0
L 0.4224633 -0.266115 0.4224634 -0.1598159 1 P 0
L 0.4386744 -0.159816 0.5056036 -0.159816 1 P 0
L 0.4386744 -0.2661152 0.4386744 -0.159816 1 P 0
L 0.4386744 -0.2661152 0.5056036 -0.2661152 1 P 0
L 0.4474409 -1.1798425 0.4474409 -0.9101575 1 P 0
L 0.4474409 0.9101575 0.4474409 1.1798425 1 P 0
L 0.452454 -0.2129656 0.491824 -0.2129656 2 P 0
L 0.4600788 0.0123637 0.4994489 0.0123637 2 P 0
L 0.472139 -0.2326507 0.472139 -0.1932806 2 P 0
L 0.4774654 0.7585069 0.4774654 0.8687431 0 P 0
L 0.4774654 0.7585069 0.5443946 0.7585069 0 P 0
L 0.4774654 0.8687431 0.5443946 0.8687431 0 P 0
L 0.4797638 -0.0073213 0.4797638 0.0320488 2 P 0
L 0.5056036 -0.2661152 0.5056036 -0.159816 1 P 0
L 0.5209921 -0.159816 0.5879213 -0.159816 1 P 0
L 0.5209921 -0.2661152 0.5209921 -0.159816 1 P 0
L 0.5209921 -0.2661152 0.5879213 -0.2661152 1 P 0
L 0.5347717 -0.2129656 0.5741417 -0.2129656 2 P 0
L 0.5443946 0.7585069 0.5443946 0.8687431 0 P 0
L 0.5544567 -0.2326507 0.5544567 -0.1932806 2 P 0
L 0.5667833 0.619814 0.5667833 0.7221762 1 P 0
L 0.5667833 0.619814 0.7360746 0.6198139 1 P 0
L 0.5667833 0.7221762 0.7360746 0.7221763 1 P 0
L 0.5736731 0.7309478 0.5736731 0.9159872 1 P 0
L 0.5736731 0.7309478 0.7311534 0.7309478 1 P 0
L 0.5736731 0.9159872 0.7311534 0.9159873 1 P 0
L 0.5879213 -0.2661152 0.5879213 -0.159816 1 P 0
L 0.6317439 0.6709951 0.6711139 0.6709951 2 P 0
L 0.6327282 0.8234676 0.6720983 0.8234675 2 P 0
L 0.6333071 -0.0978726 0.6333071 0.1226 1 P 0
L 0.6430027 0.190484 0.6430027 0.2889092 1 P 0
L 0.6430027 0.190484 0.808357 0.1904839 1 P 0
L 0.6430027 0.2889092 0.808357 0.2889093 1 P 0
L 0.6510238 -0.0811402 0.76126 -0.0811402 0 P 0
L 0.6510238 -0.1480694 0.6510238 -0.0811402 0 P 0
L 0.6510238 -0.1480694 0.76126 -0.1480694 0 P 0
L 0.6514289 0.65131 0.6514289 0.6906801 2 P 0
L 0.6524132 0.8037826 0.6524132 0.8431526 2 P 0
L 0.6608662 0.2880014 0.6608662 0.3628045 1 P 0
L 0.6608662 0.2880014 0.7907876 0.2880014 1 P 0
L 0.6608662 0.3628045 0.7907876 0.3628046 1 P 0
L 0.7059948 0.2396966 0.7453649 0.2396966 2 P 0
L 0.7061419 0.325403 0.745512 0.325403 2 P 0
L 0.7256798 0.2200116 0.7256798 0.2593816 2 P 0
L 0.7258269 0.305718 0.7258269 0.345088 2 P 0
L 0.7311534 0.7309478 0.7311534 0.9159873 1 P 0
L 0.7360746 0.6198139 0.7360746 0.7221763 1 P 0
L 0.741646 -1.0834836 1.2352833 -0.3784966 1 P 0
L 0.7546771 0.7515074 0.7546771 0.8617436 0 P 0
L 0.7546771 0.7515074 0.8216063 0.7515074 0 P 0
L 0.7546771 0.8617436 0.8216063 0.8617436 0 P 0
L 0.76126 -0.1480694 0.76126 -0.0811402 0 P 0
L 0.782579 0.061576 0.782579 0.1285052 0 P 0
L 0.782579 0.061576 0.8928152 0.061576 0 P 0
L 0.782579 0.1285052 0.8928152 0.1285051 0 P 0
L 0.7907876 0.2880014 0.7907876 0.3628046 1 P 0
L 0.808357 0.1904839 0.808357 0.2889093 1 P 0
L 0.819092 0.1485686 0.819092 0.2745526 0 P 0
L 0.819092 0.1485686 1.0417288 0.1485686 0 P 0
L 0.819092 0.2745526 1.0417288 0.2745526 0 P 0
L 0.8216063 0.7515074 0.8216063 0.8617436 0 P 0
L 0.8682773 -0.1215164 1.2352833 -0.3784966 1 P 0
L 0.8928152 0.061576 0.8928152 0.1285051 0 P 0
L 0.9226807 0.2919384 0.9226807 0.3588676 0 P 0
L 0.9226807 0.2919384 1.0329169 0.2919384 0 P 0
L 0.9226807 0.3588676 1.0329169 0.3588676 0 P 0
L 0.9282842 0.6927418 1.0920639 0.4090673 1 P 0
L 0.9282842 0.6927418 1.3123697 0.9144936 1 P 0
L 1.0329169 0.2919384 1.0329169 0.3588676 0 P 0
L 1.0417288 0.1485686 1.0417288 0.2745526 0 P 0
L 1.053374 0.1244182 1.053374 0.2228436 1 P 0
L 1.053374 0.1244182 1.2187283 0.1244183 1 P 0
L 1.053374 0.2228436 1.2187283 0.2228435 1 P 0
L 1.0714862 0.0504926 1.0714862 0.1252956 1 P 0
L 1.0714862 0.0504926 1.2014075 0.0504925 1 P 0
L 1.0714862 0.1252956 1.2014075 0.1252956 1 P 0
L 1.0920639 0.4090673 1.4761496 0.6308194 1 P 0
L 1.1163661 0.1736309 1.1557362 0.1736309 2 P 0
L 1.1165148 -0.2784948 1.1733947 0.0440879 1 P 0
L 1.1165148 -0.2784948 1.5532807 -0.3555084 1 P 0
L 1.1167618 0.0878941 1.1561319 0.087894 2 P 0
L 1.1225188 0.6157665 1.1566138 0.6354519 1 P 0
L 1.1297236 0.6426567 1.149409 0.6085617 1 P 0
L 1.1360512 0.1539459 1.1360512 0.1933159 2 P 0
L 1.1364469 0.068209 1.1364469 0.1075791 2 P 0
L 1.1733947 0.0440879 1.610161 -0.0329258 1 P 0
L 1.2014075 0.0504925 1.2014075 0.1252956 1 P 0
L 1.2187283 0.1244183 1.2187283 0.2228435 1 P 0
L 1.2727083 -0.1397298 1.3114801 -0.1465664 1 P 0
L 1.2886759 -0.162534 1.2955125 -0.1237622 1 P 0
L 1.3123697 0.9144936 1.4761496 0.6308194 1 P 0
L 1.5532807 -0.3555084 1.610161 -0.0329258 1 P 0
