#Layer_Color=32768
#
#Feature symbol names
#
$0 r1.9685
$1 r3.937
$2 r7.874

#
#Feature attribute names
#

#
#Layer features
#
L -0.0045233 0.2901727 0.0348468 0.2901727 1 P 0
L -0.0117316 0.0747005 0.0276385 0.0747005 1 P 0
L -0.0170279 -0.1804403 0.2741673 -0.1804403 2 P 0
L -0.0170279 -0.3932355 -0.0170279 -0.1804403 2 P 0
L -0.0170279 -0.3932355 0.2741673 -0.3932355 2 P 0
L -0.0193745 -0.052568 -0.0193745 0.0222352 0 P 0
L -0.0193745 -0.052568 0.1105468 -0.052568 0 P 0
L -0.0193745 0.0222352 0.1105468 0.0222352 0 P 0
L -0.0258105 0.7171199 -0.0258105 0.8387733 0 P 0
L -0.0258105 0.7171199 0.3017485 0.7171199 0 P 0
L -0.0258105 0.8387733 0.3017485 0.8387733 0 P 0
L -0.0300406 -0.793182 0.2152352 -0.7931821 0 P 0
L -0.0300406 -0.9152294 -0.0300406 -0.793182 0 P 0
L -0.0300406 -0.9152294 0.2152352 -0.9152293 0 P 0
L -0.04 -0.519685 -0.04 -0.480315 0 P 0
L -0.04 0.480315 -0.04 0.519685 0 P 0
L -0.0451962 0.0412359 -0.0451962 0.1081651 0 P 0
L -0.0451962 0.0412359 0.061103 0.0412359 0 P 0
L -0.0451962 0.1081651 0.061103 0.1081651 0 P 0
L -0.0497989 0.2527711 -0.0497989 0.3275743 0 P 0
L -0.0497989 0.2527711 0.0801224 0.2527711 0 P 0
L -0.0497989 0.3275743 0.0801224 0.3275743 0 P 0
L -0.0560631 1.1619764 -0.0560631 1.2840236 0 P 0
L -0.0560631 1.1619764 0.2892127 1.1619764 0 P 0
L -0.0560631 1.2840236 0.2892127 1.2840236 0 P 0
L -0.059685 -0.5 -0.020315 -0.5 0 P 0
L -0.059685 0.5 -0.020315 0.5 0 P 0
L -0.0768665 -0.2681309 -0.0768665 -0.2012017 0 P 0
L -0.0783072 -0.3674875 -0.0783072 -0.3005583 2 P 0
L -0.0908986 0.7169793 -0.0908986 0.8386327 0 P 0
L -0.1300162 -0.2543513 -0.1300162 -0.2149813 1 P 0
L -0.1438513 0.1918613 -0.1438513 0.2548535 0 P 0
L -0.1452953 0.0884439 -0.1452953 0.151436 0 P 0
L -0.1452955 0.2922174 -0.1452954 0.3552095 0 P 0
L -0.1497012 -0.2346663 -0.1103312 -0.2346663 1 P 0
L -0.1831656 -0.2012018 -0.0768665 -0.2012017 0 P 0
L -0.1831656 -0.2681308 -0.0768665 -0.2681309 0 P 0
L -0.1831656 -0.2681308 -0.1831656 -0.2012018 0 P 0
L -0.1885434 -0.3005583 -0.0783072 -0.3005583 2 P 0
L -0.1885434 -0.3674875 -0.0783072 -0.3674875 2 P 0
L -0.1885434 -0.3674875 -0.1885434 -0.3005583 2 P 0
L -0.1970009 0.2036724 -0.1970009 0.2430425 1 P 0
L -0.1984449 0.1002549 -0.1984449 0.139625 1 P 0
L -0.1984449 0.3040284 -0.1984449 0.3433985 1 P 0
L -0.2166861 0.2233575 -0.1773159 0.2233575 1 P 0
L -0.21813 0.1199399 -0.1787599 0.11994 1 P 0
L -0.21813 0.3237135 -0.1787598 0.3237135 1 P 0
L -0.2225944 -0.307501 -0.2225944 -0.2445088 0 P 0
L -0.2248471 -0.2004966 -0.2248471 -0.1375045 0 P 0
L -0.2501505 0.1918614 -0.1438513 0.1918613 0 P 0
L -0.2501505 0.1918614 -0.2501505 0.2548535 0 P 0
L -0.2501505 0.2548535 -0.1438513 0.2548535 0 P 0
L -0.2515944 0.2922174 -0.1452955 0.2922174 0 P 0
L -0.2515945 0.0884439 -0.1452953 0.0884439 0 P 0
L -0.2515945 0.0884439 -0.2515945 0.151436 0 P 0
L -0.2515945 0.151436 -0.1452953 0.151436 0 P 0
L -0.2515945 0.3552095 -0.1452954 0.3552095 0 P 0
L -0.2515945 0.3552095 -0.2515944 0.2922174 0 P 0
L -0.2546781 0.758121 -0.2546781 0.797491 0 P 0
L -0.2639329 -0.048024 -0.2639329 0.0189052 2 P 0
L -0.2743631 0.777806 -0.2349931 0.777806 0 P 0
L -0.2757439 -0.29569 -0.2757439 -0.2563198 1 P 0
L -0.2779968 -0.1886856 -0.2779968 -0.1493155 1 P 0
L -0.295429 -0.2760049 -0.2560589 -0.2760048 1 P 0
L -0.2971659 0.1872557 -0.2971658 0.0573344 0 P 0
L -0.2976818 -0.1690005 -0.2583118 -0.1690005 1 P 0
L -0.3288934 -0.2445088 -0.2225944 -0.2445088 0 P 0
L -0.3288934 -0.307501 -0.2225944 -0.307501 0 P 0
L -0.3288934 -0.307501 -0.3288934 -0.2445088 0 P 0
L -0.3311462 -0.1375046 -0.2248471 -0.1375045 0 P 0
L -0.3311462 -0.2004966 -0.2248471 -0.2004966 0 P 0
L -0.3311462 -0.2004966 -0.3311462 -0.1375046 0 P 0
L -0.3529053 0.2170617 -0.3529053 0.2839909 0 P 0
L -0.3741691 -0.048024 -0.2639329 -0.048024 2 P 0
L -0.3741691 -0.048024 -0.3741691 0.0189052 2 P 0
L -0.3741691 0.0189052 -0.2639329 0.0189052 2 P 0
L -0.3979419 -0.0450712 -0.3979419 0.0159524 2 P 0
L -0.4060549 0.2308413 -0.4060549 0.2702113 1 P 0
L -0.4093706 0.10261 -0.4093706 0.1419801 1 P 0
L -0.4184576 0.7169793 -0.0908986 0.7169793 0 P 0
L -0.4184576 0.7169793 -0.4184576 0.8386327 0 P 0
L -0.4184576 0.8386327 -0.0908986 0.8386327 0 P 0
L -0.4257399 0.2505263 -0.3863698 0.2505263 1 P 0
L -0.4290556 0.1222951 -0.3896856 0.1222951 1 P 0
L -0.4592045 0.2170617 -0.3529053 0.2170617 0 P 0
L -0.4592045 0.2170617 -0.4592045 0.2839909 0 P 0
L -0.4592045 0.2839909 -0.3529053 0.2839909 0 P 0
L -0.4864629 0.8189635 -0.4474883 0.8579379 0 P 0
L -0.500782 -0.0450712 -0.3979419 -0.0450712 2 P 0
L -0.500782 -0.0450712 -0.500782 0.0159524 2 P 0
L -0.500782 0.0159524 -0.3979419 0.0159524 2 P 0
L -0.5106366 0.6995092 -0.4716622 0.7384837 0 P 0
L -0.5215753 0.1872557 -0.2971659 0.1872557 0 P 0
L -0.5215754 0.0573344 -0.2971658 0.0573344 0 P 0
L -0.5215754 0.0573344 -0.5215753 0.1872557 0 P 0
L -0.5226533 0.880209 -0.5087339 0.8941284 1 P 0
L -0.5226533 0.8941284 -0.5087339 0.880209 1 P 0
L -0.5306504 -0.1739874 -0.5306504 -0.0991842 0 P 0
L -0.5310241 -0.0709147 -0.5310241 -0.0039855 0 P 0
L -0.5449243 0.9553739 -0.4474883 0.8579379 0 P 0
L -0.546827 0.7607547 -0.5329077 0.7746741 1 P 0
L -0.546827 0.7746741 -0.5329077 0.7607547 1 P 0
L -0.5506911 0.2083748 -0.550691 0.1453827 0 P 0
L -0.5690982 0.8359197 -0.4716622 0.7384837 0 P 0
L -0.5739222 0.6410476 -0.5349477 0.6800222 0 P 0
L -0.5779121 1.15211 -0.49189 1.0660879 0 P 0
L -0.5838988 0.9163994 -0.4864629 0.8189635 0 P 0
L -0.5838988 0.9163994 -0.5449243 0.9553739 0 P 0
L -0.5841737 -0.0571351 -0.5841737 -0.0177651 1 P 0
L -0.585408 -1.1209467 -0.4286752 -0.9642139 0 P 0
L -0.595611 -0.1562708 -0.595611 -0.1169008 1 P 0
L -0.6038406 0.1571937 -0.6038406 0.1965638 1 P 0
L -0.6038587 -0.0374501 -0.5644886 -0.0374501 1 P 0
L -0.6080725 0.7969451 -0.5106366 0.6995092 0 P 0
L -0.6080725 0.7969451 -0.5690982 0.8359197 0 P 0
L -0.6101129 0.7022932 -0.5961935 0.7162126 1 P 0
L -0.6101129 0.7162126 -0.5961935 0.7022932 1 P 0
L -0.6152961 -0.1365858 -0.575926 -0.1365858 1 P 0
L -0.6235256 0.1768787 -0.5841555 0.1768787 1 P 0
L -0.6323838 0.7774582 -0.5349477 0.6800222 0 P 0
L -0.6367706 -0.9128513 -0.6089318 -0.9406901 0 P 0
L -0.6367706 -0.9406901 -0.6089318 -0.9128513 0 P 0
L -0.6373233 -0.0039855 -0.5310241 -0.0039855 0 P 0
L -0.6373233 -0.0709147 -0.5310241 -0.0709147 0 P 0
L -0.6373233 -0.0709147 -0.6373233 -0.0039855 0 P 0
L -0.6569901 0.2083748 -0.5506911 0.2083748 0 P 0
L -0.6569902 0.1453827 -0.550691 0.1453827 0 P 0
L -0.6569902 0.1453827 -0.6569901 0.2083748 0 P 0
L -0.6602944 -0.7325947 -0.4286752 -0.9642139 0 P 0
L -0.6605717 -0.0991842 -0.5306504 -0.0991842 0 P 0
L -0.6605717 -0.1739874 -0.5306504 -0.1739874 0 P 0
L -0.6605717 -0.1739874 -0.6605717 -0.0991842 0 P 0
L -0.6713581 0.7384836 -0.5739222 0.6410476 0 P 0
L -0.6713581 0.7384836 -0.6323838 0.7774582 0 P 0
L -0.6951732 0.0206542 -0.6951732 0.0993944 2 P 0
L -0.6999854 0.9440146 -0.6721466 0.9718534 0 P 0
L -0.6999854 0.9718534 -0.6721466 0.9440146 0 P 0
L -0.7676602 -0.7681875 -0.7286857 -0.729213 0 P 0
L -0.7942199 0.763758 -0.49189 1.0660879 0 P 0
L -0.8038506 -0.6930226 -0.7899312 -0.706942 1 P 0
L -0.8038506 -0.706942 -0.7899312 -0.6930226 1 P 0
L -0.8170272 -0.8893275 -0.585408 -1.1209467 0 P 0
L -0.8170272 -0.8893275 -0.6602944 -0.7325947 0 P 0
L -0.8261216 -0.6317771 -0.7286857 -0.729213 0 P 0
L -0.8605276 0.0206542 -0.6951732 0.0206542 2 P 0
L -0.8605276 0.0206542 -0.8605276 0.0993944 2 P 0
L -0.8605276 0.0993944 -0.6951732 0.0993944 2 P 0
L -0.8650961 -0.6707516 -0.7676602 -0.7681875 0 P 0
L -0.8650961 -0.6707516 -0.8261216 -0.6317771 0 P 0
L -0.880242 0.8497801 -0.5779121 1.15211 0 P 0
L -0.880242 0.8497801 -0.7942199 0.763758 0 P 0
L -0.8810383 -0.415685 -0.8810383 -0.1794646 2 P 0
L -0.9016128 0.8265936 -0.8155908 0.7405716 0 P 0
L -0.9063387 -0.1375909 -0.9063387 0.1931177 0 P 0
L -0.9223771 -0.7765296 -0.8834026 -0.7375551 0 P 0
L -0.946377 0.2276524 -0.946377 0.350487 2 P 0
L -0.9529756 0.6892088 -0.9251368 0.7170476 0 P 0
L -0.9529756 0.7170476 -0.9251368 0.6892088 0 P 0
L -0.9585675 -0.7013647 -0.9446481 -0.7152841 1 P 0
L -0.9585675 -0.7152841 -0.9446481 -0.7013647 1 P 0
L -0.9626378 -0.4389764 0.8826378 -0.4389764 0 P 0
L -0.9626378 -0.5610236 -0.9626378 -0.4389764 0 P 0
L -0.9626378 -0.5610236 0.8826378 -0.5610236 0 P 0
L -0.9626378 0.4389763 -0.9626378 0.5610237 0 P 0
L -0.9626378 0.4389763 0.8826378 0.4389764 0 P 0
L -0.9626378 0.5610237 0.8826378 0.5610236 0 P 0
L -0.9764993 0.579663 -0.8155908 0.7405716 0 P 0
L -0.9808385 -0.6401192 -0.8834026 -0.7375551 0 P 0
L -1.019813 -0.6790937 -0.9223771 -0.7765296 0 P 0
L -1.019813 -0.6790937 -0.9808385 -0.6401192 0 P 0
L -1.0625214 0.6656851 -0.9016128 0.8265936 0 P 0
L -1.0625214 0.6656851 -0.9764993 0.579663 0 P 0
L -1.115 0.0080784 -1.115 0.0474484 1 P 0
L -1.134685 0.0277634 -1.095315 0.0277634 1 P 0
L -1.1802511 -0.1794646 -0.8810383 -0.1794646 2 P 0
L -1.1802511 -0.415685 -0.8810383 -0.415685 2 P 0
L -1.1802511 -0.415685 -1.1802511 -0.1794646 2 P 0
L -1.2101566 0.2276524 -0.946377 0.2276524 2 P 0
L -1.2101566 0.2276524 -1.2101566 0.350487 2 P 0
L -1.2101566 0.350487 -0.946377 0.350487 2 P 0
L -1.2764173 -0.1375909 -0.9063387 -0.1375909 0 P 0
L -1.2764173 -0.1375909 -1.2764173 0.1931177 0 P 0
L -1.2764173 0.1931177 -0.9063387 0.1931177 0 P 0
L 0.0079534 0.0550155 0.0079534 0.0943855 1 P 0
L 0.0151617 0.2704877 0.0151617 0.3098577 1 P 0
L 0.0259011 -0.0151664 0.0652712 -0.0151664 1 P 0
L 0.0455861 -0.0348514 0.0455861 0.0045186 1 P 0
L 0.061103 0.0412359 0.061103 0.1081651 0 P 0
L 0.0729121 -0.8542057 0.1122821 -0.8542057 0 P 0
L 0.077409 -0.0915408 0.1876452 -0.0915408 2 P 0
L 0.077409 -0.15847 0.077409 -0.0915408 2 P 0
L 0.077409 -0.15847 0.1876452 -0.15847 2 P 0
L 0.0801224 0.2527711 0.0801224 0.3275743 0 P 0
L 0.0925971 -0.8738907 0.0925971 -0.8345207 0 P 0
L 0.0949418 0.0413542 0.0949418 0.1712754 2 P 0
L 0.0949418 0.0413542 0.2228157 0.0413542 2 P 0
L 0.0949418 0.1712754 0.2228157 0.1712754 2 P 0
L 0.0949418 0.1955191 0.0949418 0.3254403 2 P 0
L 0.0949418 0.1955191 0.2228157 0.1955191 2 P 0
L 0.0949418 0.3254403 0.2228157 0.3254403 2 P 0
L 0.0968898 1.223 0.1362598 1.223 0 P 0
L 0.1096661 0.3472293 0.1096661 0.4141585 0 P 0
L 0.1096661 0.3472293 0.2159653 0.3472293 0 P 0
L 0.1096661 0.4141585 0.2159653 0.4141585 0 P 0
L 0.1105468 -0.052568 0.1105468 0.0222352 0 P 0
L 0.1165748 1.203315 0.1165748 1.242685 0 P 0
L 0.118284 0.7779466 0.157654 0.7779466 0 P 0
L 0.137969 0.7582616 0.137969 0.7976316 0 P 0
L 0.1431307 0.3806939 0.1825008 0.3806939 1 P 0
L 0.1566818 -0.048631 0.1566818 0.0182982 2 P 0
L 0.1566818 -0.048631 0.266918 -0.048631 2 P 0
L 0.1566818 0.0182982 0.266918 0.0182982 2 P 0
L 0.1628157 0.3610089 0.1628157 0.4003789 1 P 0
L 0.1876452 -0.15847 0.1876452 -0.0915408 2 P 0
L 0.2152352 -0.9152293 0.2152352 -0.7931821 0 P 0
L 0.2159653 0.3472293 0.2159653 0.4141585 0 P 0
L 0.2228157 0.0413542 0.2228157 0.1712754 2 P 0
L 0.2228157 0.1955191 0.2228157 0.3254403 2 P 0
L 0.2627133 0.0411426 0.2627133 0.277363 0 P 0
L 0.2627133 0.0411426 0.589485 0.0411426 0 P 0
L 0.2627133 0.277363 0.589485 0.277363 0 P 0
L 0.266918 -0.048631 0.266918 0.0182982 2 P 0
L 0.2741673 -0.3932355 0.2741673 -0.1804403 2 P 0
L 0.2892127 1.1619764 0.2892127 1.2840236 0 P 0
L 0.3017485 0.7171199 0.3017485 0.8387733 0 P 0
L 0.3396623 -0.0614722 0.3396623 0.017268 2 P 0
L 0.3396623 -0.0614722 0.5125362 -0.0614722 2 P 0
L 0.3396623 0.017268 0.5125362 0.017268 2 P 0
L 0.3675248 -0.2425408 0.4777609 -0.2425407 2 P 0
L 0.3675248 -0.30947 0.3675248 -0.2425408 2 P 0
L 0.3675248 -0.30947 0.4777609 -0.3094699 2 P 0
L 0.3698281 -0.146897 0.4761274 -0.146897 0 P 0
L 0.3698281 -0.2138262 0.3698281 -0.146897 0 P 0
L 0.3698281 -0.2138262 0.4761274 -0.2138262 0 P 0
L 0.3716668 -0.3385885 0.477966 -0.3385885 0 P 0
L 0.3716668 -0.4055177 0.3716668 -0.3385885 0 P 0
L 0.3716668 -0.4055177 0.477966 -0.4055177 0 P 0
L 0.4032927 -0.1803616 0.4426628 -0.1803615 1 P 0
L 0.4051313 -0.3720531 0.4445014 -0.3720531 1 P 0
L 0.4064141 0.1592528 0.4457842 0.1592528 1 P 0
L 0.4229777 -0.2000466 0.4229777 -0.1606766 1 P 0
L 0.4248164 -0.3917381 0.4248164 -0.3523681 1 P 0
L 0.4248164 -0.8657588 0.57793 -1.0188725 2 P 0
L 0.4248164 -0.8657588 0.71267 -0.5779052 2 P 0
L 0.4260992 0.1395678 0.4260992 0.1789378 1 P 0
L 0.44789 0.9233455 0.6046228 1.0800783 0 P 0
L 0.44789 0.9233455 0.7627474 0.6084881 0 P 0
L 0.4761274 -0.2138262 0.4761274 -0.146897 0 P 0
L 0.4777609 -0.3094699 0.4777609 -0.2425407 2 P 0
L 0.477966 -0.4055177 0.477966 -0.3385885 0 P 0
L 0.5125362 -0.0614722 0.5125362 0.017268 2 P 0
L 0.5385641 -0.0191033 0.5385641 0.0458571 2 P 0
L 0.5385641 -0.0191033 0.6507687 -0.0191034 2 P 0
L 0.5385641 0.0458571 0.6507687 0.0458572 2 P 0
L 0.57793 -1.0188725 0.8657836 -0.7310188 2 P 0
L 0.589485 0.0411426 0.589485 0.277363 0 P 0
L 0.6041648 -0.1968205 1.0476687 -0.1968206 0 P 0
L 0.6041648 -0.4243797 0.6041648 -0.1968205 0 P 0
L 0.6041648 -0.4243797 1.0476687 -0.4243796 0 P 0
L 0.6046228 1.0800783 0.9194802 0.7652209 0 P 0
L 0.613338 0.1940212 0.613338 0.4215804 0 P 0
L 0.613338 0.1940212 1.0568419 0.1940213 0 P 0
L 0.613338 0.4215804 1.0568419 0.4215803 0 P 0
L 0.6507687 -0.0191034 0.6507687 0.0458572 2 P 0
L 0.6697657 0.8303638 0.6976045 0.8582026 0 P 0
L 0.6697657 0.8582026 0.6976045 0.8303638 0 P 0
L 0.6797219 0.0736031 0.6797219 0.1484063 0 P 0
L 0.6797219 0.0736031 0.8096432 0.0736031 0 P 0
L 0.6797219 0.1484063 0.8096432 0.1484063 0 P 0
L 0.6954697 -0.0220562 0.6954697 0.044873 0 P 0
L 0.6954697 -0.0220562 0.8017689 -0.0220561 0 P 0
L 0.6954697 0.044873 0.8017689 0.0448729 0 P 0
L 0.71267 -0.5779052 0.8657836 -0.7310188 2 P 0
L 0.7249975 0.1110047 0.7643676 0.1110047 1 P 0
L 0.7289344 0.0114084 0.7683045 0.0114084 1 P 0
L 0.7338892 -0.3106001 0.7732592 -0.3106001 0 P 0
L 0.7430624 0.3078008 0.7824324 0.3078008 0 P 0
L 0.7446825 0.0913197 0.7446825 0.1306897 1 P 0
L 0.7486195 -0.0082766 0.7486195 0.0310934 1 P 0
L 0.7535742 -0.3302851 0.7535742 -0.2909151 0 P 0
L 0.7608313 -0.8922313 0.8165091 -0.9479091 2 P 0
L 0.7608313 -0.8922313 0.8777545 -0.7753081 2 P 0
L 0.7627474 0.2881158 0.7627474 0.3274858 0 P 0
L 0.7627474 0.6084881 0.9194802 0.7652209 0 P 0
L 0.8017689 -0.0220561 0.8017689 0.0448729 0 P 0
L 0.8096432 0.0736031 0.8096432 0.1484063 0 P 0
L 0.8165091 -0.9479091 0.9334323 -0.8309859 2 P 0
L 0.8496373 -0.6645955 0.9364945 -0.7514527 2 P 0
L 0.8496373 -0.6645955 1.0361577 -0.4780751 2 P 0
L 0.8777545 -0.7753081 0.9334323 -0.8309859 2 P 0
L 0.8785525 -0.1771659 0.8785525 0.1771649 2 P 0
L 0.8785525 -0.1771659 1.2773714 -0.1771659 2 P 0
L 0.8785525 0.1771649 1.2773714 0.1771649 2 P 0
L 0.8826378 -0.5610236 0.8826378 -0.4389764 0 P 0
L 0.8826378 0.4389764 0.8826378 0.5610236 0 P 0
L 0.8924868 0.6112127 0.9787873 0.6975132 0 P 0
L 0.8924868 0.6112127 1.0659232 0.4377763 0 P 0
L 0.9364945 -0.7514527 1.1230149 -0.5649323 2 P 0
L 0.9787873 0.6975132 1.1522238 0.5240769 0 P 0
L 1.0084358 0.5537253 1.0362748 0.5815641 0 P 0
L 1.0084359 0.5815642 1.0362747 0.5537252 0 P 0
L 1.0361577 -0.4780751 1.1230149 -0.5649323 2 P 0
L 1.0476687 -0.4243796 1.0476687 -0.1968206 0 P 0
L 1.0568419 0.1940213 1.0568419 0.4215803 0 P 0
L 1.0659232 0.4377763 1.1522238 0.5240769 0 P 0
L 1.2773714 -0.1771659 1.2773714 0.1771649 2 P 0
