#Layer_Color=32896
#
#Feature symbol names
#
$0 r5
$1 r7.874

#
#Feature attribute names
#

#
#Layer features
#
L -0.0901182 -0.3625662 -0.0901182 -0.3054796 1 P 0
L -0.1767324 -0.3054796 -0.0901182 -0.3054796 1 P 0
L -0.1767324 -0.3625662 -0.0901182 -0.3625662 1 P 0
L -0.1767324 -0.3625662 -0.1767324 -0.3054796 1 P 0
L -0.2757439 -0.0431027 -0.2757439 0.0139839 1 P 0
L -0.3623581 -0.0431027 -0.2757439 -0.0431027 1 P 0
L -0.3623581 -0.0431027 -0.3623581 0.0139839 1 P 0
L -0.3623581 0.0139839 -0.2757439 0.0139839 1 P 0
L -0.409992 -0.0391657 -0.409992 0.0100469 1 P 0
L -0.4887321 -0.0391657 -0.409992 -0.0391657 1 P 0
L -0.4887321 -0.0391657 -0.4887321 0.0100469 1 P 0
L -0.4887321 0.0100469 -0.409992 0.0100469 1 P 0
L -0.7089528 0.0245912 -0.7089528 0.0954574 1 P 0
L -0.846748 0.0245912 -0.7089528 0.0245912 1 P 0
L -0.846748 0.0245912 -0.846748 0.0954574 1 P 0
L -0.846748 0.0954574 -0.7089528 0.0954574 1 P 0
L -0.922377 -0.4058425 -0.922377 -0.1893071 1 P 0
L -0.9877156 0.2315894 -0.9877156 0.34655 1 P 0
L -1.1389123 -0.1893071 -0.922377 -0.1893071 1 P 0
L -1.1389123 -0.4058425 -0.922377 -0.4058425 1 P 0
L -1.1389123 -0.4058425 -1.1389123 -0.1893071 1 P 0
L -1.168818 0.2315894 -0.9877156 0.2315894 1 P 0
L -1.168818 0.2315894 -1.168818 0.34655 1 P 0
L -1.168818 0.34655 -0.9877156 0.34655 1 P 0
L -1.1739597 -0.5531496 -1.1739597 0.5531496 0 P 0
L -1.1739597 -0.5531496 1.1739597 -0.5531496 0 P 0
L -1.1739597 0.5531496 1.1739597 0.5531496 0 P 0
L 0.0518965 -0.1902828 0.2052429 -0.1902828 1 P 0
L 0.0518965 -0.383393 0.0518965 -0.1902828 1 P 0
L 0.0518965 -0.383393 0.2052429 -0.383393 1 P 0
L 0.08922 -0.0964621 0.1758342 -0.0964621 1 P 0
L 0.08922 -0.1535487 0.08922 -0.0964621 1 P 0
L 0.08922 -0.1535487 0.1758342 -0.1535487 1 P 0
L 0.1254141 0.0452912 0.1254141 0.1673384 1 P 0
L 0.1254141 0.0452912 0.1923433 0.0452912 1 P 0
L 0.1254141 0.1673384 0.1923433 0.1673384 1 P 0
L 0.1254141 0.1994561 0.1254141 0.3215033 1 P 0
L 0.1254141 0.1994561 0.1923433 0.1994561 1 P 0
L 0.1254141 0.3215033 0.1923433 0.3215033 1 P 0
L 0.1684928 -0.0437097 0.1684928 0.0133769 1 P 0
L 0.1684928 -0.0437097 0.255107 -0.0437097 1 P 0
L 0.1684928 0.0133769 0.255107 0.0133769 1 P 0
L 0.1758342 -0.1535487 0.1758342 -0.0964621 1 P 0
L 0.1923433 0.0452912 0.1923433 0.1673384 1 P 0
L 0.1923433 0.1994561 0.1923433 0.3215033 1 P 0
L 0.2052429 -0.383393 0.2052429 -0.1902828 1 P 0
L 0.255107 -0.0437097 0.255107 0.0133769 1 P 0
L 0.3701937 -0.0575352 0.3701937 0.013331 1 P 0
L 0.3701937 -0.0575352 0.4820047 -0.0575352 1 P 0
L 0.3701937 0.013331 0.4820047 0.013331 1 P 0
L 0.3793358 -0.247462 0.4659499 -0.2474621 1 P 0
L 0.3793358 -0.3045488 0.3793358 -0.247462 1 P 0
L 0.3793358 -0.3045488 0.4659499 -0.3045487 1 P 0
L 0.4434683 -0.8788431 0.5648458 -1.0002206 1 P 0
L 0.4434683 -0.8788431 0.7257542 -0.5965572 1 P 0
L 0.4659499 -0.3045487 0.4659499 -0.2474621 1 P 0
L 0.4820047 -0.0575352 0.4820047 0.013331 1 P 0
L 0.5513593 -0.0151664 0.5513593 0.0419202 1 P 0
L 0.5513593 -0.0151664 0.6379735 -0.0151664 1 P 0
L 0.5513593 0.0419202 0.6379735 0.0419202 1 P 0
L 0.5648458 -1.0002206 0.8471316 -0.7179346 1 P 0
L 0.6379735 -0.0151664 0.6379735 0.0419202 1 P 0
L 0.7257542 -0.5965572 0.8471316 -0.7179346 1 P 0
L 0.7733589 -0.8852716 0.8234688 -0.9353815 1 P 0
L 0.7733589 -0.8852716 0.8707948 -0.7878357 1 P 0
L 0.8234688 -0.9353815 0.9209047 -0.8379456 1 P 0
L 0.8707948 -0.7878357 0.9209047 -0.8379456 1 P 0
L 0.881652 -0.6381486 0.9629414 -0.719438 1 P 0
L 0.881652 -0.6381486 1.0097108 -0.5100898 1 P 0
L 0.8954816 -0.1614178 0.8954816 0.1614168 1 P 0
L 0.8954816 -0.1614178 1.2734344 -0.1614178 1 P 0
L 0.8954816 0.1614168 1.2734344 0.1614168 1 P 0
L 0.9629414 -0.719438 1.0910002 -0.5913792 1 P 0
L 1.0097108 -0.5100898 1.0910002 -0.5913792 1 P 0
L 1.1739597 -0.5531496 1.1739597 0.5531496 0 P 0
L 1.2734344 -0.1614178 1.2734344 0.1614168 1 P 0
