#Layer_Color=32896
#
#Feature symbol names
#
$0 r7.874

#
#Feature attribute names
#

#
#Layer features
#
L -0.0369893 0.1609565 -0.0369893 0.2790667 0 P 0
L -0.0369893 0.1609565 0.0811209 0.1609565 0 P 0
L -0.0369893 0.2790667 0.0811209 0.2790667 0 P 0
L -0.0662848 0.5487584 -0.0662848 0.605845 0 P 0
L -0.0662848 0.5487584 0.0203294 0.5487584 0 P 0
L -0.0662848 0.605845 0.0203294 0.605845 0 P 0
L -0.0982469 0.0054739 -0.0982469 0.0625605 0 P 0
L -0.0989685 0.0908467 -0.0989683 0.1479334 0 P 0
L -0.1301348 0.5487584 -0.1301348 0.605845 0 P 0
L -0.1848611 0.0054739 -0.0982469 0.0054739 0 P 0
L -0.1848611 0.0054739 -0.1848611 0.0625605 0 P 0
L -0.1848611 0.0625605 -0.0982469 0.0625605 0 P 0
L -0.1855826 0.0908468 -0.0989685 0.0908467 0 P 0
L -0.1855826 0.0908468 -0.1855826 0.1479334 0 P 0
L -0.1855826 0.1479334 -0.0989683 0.1479334 0 P 0
L -0.216749 0.5487584 -0.1301348 0.5487584 0 P 0
L -0.216749 0.5487584 -0.216749 0.605845 0 P 0
L -0.216749 0.605845 -0.1301348 0.605845 0 P 0
L -0.295602 0.7417746 -0.295602 0.7988612 0 P 0
L -0.3583583 -0.8533529 -0.3583583 -0.7824867 0 P 0
L -0.3822162 0.7417746 -0.295602 0.7417746 0 P 0
L -0.3822162 0.7417746 -0.3822162 0.7988612 0 P 0
L -0.3822162 0.7988612 -0.295602 0.7988612 0 P 0
L -0.4246342 0.1243114 -0.4246342 0.181398 0 P 0
L -0.4701693 -0.7824867 -0.3583583 -0.7824867 0 P 0
L -0.4701693 -0.8533529 -0.3583583 -0.8533529 0 P 0
L -0.4701693 -0.8533529 -0.4701693 -0.7824867 0 P 0
L -0.4880548 0.6807645 -0.4880548 0.7673787 0 P 0
L -0.5112483 0.1243113 -0.4246342 0.1243114 0 P 0
L -0.5112483 0.1243113 -0.5112483 0.1813981 0 P 0
L -0.5112483 0.1813981 -0.4246342 0.181398 0 P 0
L -0.5187913 -0.5467486 -0.5187913 -0.4758824 0 P 0
L -0.5451414 0.6807645 -0.4880548 0.6807645 0 P 0
L -0.5451414 0.6807645 -0.5451414 0.7673787 0 P 0
L -0.5451414 0.7673787 -0.4880548 0.7673787 0 P 0
L -0.555996 -0.8267781 -0.555996 -0.7696915 0 P 0
L -0.5832913 -0.9604385 -0.5832913 -0.8895723 0 P 0
L -0.6306023 -0.4758824 -0.5187913 -0.4758824 0 P 0
L -0.6306023 -0.5467486 -0.5187913 -0.5467486 0 P 0
L -0.6306023 -0.5467486 -0.6306023 -0.4758824 0 P 0
L -0.6426102 -0.7696915 -0.555996 -0.7696915 0 P 0
L -0.6426102 -0.8267781 -0.555996 -0.8267781 0 P 0
L -0.6426102 -0.8267781 -0.6426102 -0.7696915 0 P 0
L -0.6951023 -0.8895723 -0.5832913 -0.8895723 0 P 0
L -0.6951023 -0.9604385 -0.5832913 -0.9604385 0 P 0
L -0.6951023 -0.9604385 -0.6951023 -0.8895723 0 P 0
L -0.69929 -0.8280205 -0.69929 -0.7020362 0 P 0
L -0.7029406 -0.5909926 -0.7029406 -0.4650084 0 P 0
L -0.7203455 -0.675422 -0.7203455 -0.6183354 0 P 0
L -0.7428528 0.6011205 -0.7428528 0.6877347 0 P 0
L -0.7999394 0.6011205 -0.7428528 0.6011205 0 P 0
L -0.7999394 0.6011205 -0.7999394 0.6877347 0 P 0
L -0.7999394 0.6877347 -0.7428528 0.6877347 0 P 0
L -0.8069597 -0.6183354 -0.7203455 -0.6183354 0 P 0
L -0.8069597 -0.675422 -0.7203455 -0.675422 0 P 0
L -0.8069597 -0.675422 -0.8069597 -0.6183354 0 P 0
L -0.8252742 -0.7020362 -0.69929 -0.7020362 0 P 0
L -0.8252742 -0.8280205 -0.69929 -0.8280205 0 P 0
L -0.8252742 -0.8280205 -0.8252742 -0.7020362 0 P 0
L -0.8289248 -0.4650084 -0.7029406 -0.4650084 0 P 0
L -0.8289248 -0.5909926 -0.7029406 -0.5909926 0 P 0
L -0.8289248 -0.5909926 -0.8289248 -0.4650084 0 P 0
L -0.8295619 0.2636327 -0.8295619 0.3207195 0 P 0
L -0.873788 0.1189479 -0.873788 0.237058 0 P 0
L -0.9161758 0.3207195 -0.8295619 0.3207195 0 P 0
L -0.9161759 0.2636328 -0.8295619 0.2636327 0 P 0
L -0.9161759 0.2636328 -0.9161758 0.3207195 0 P 0
L -0.9574872 0.0310642 -0.9574872 0.088151 0 P 0
L -0.9918982 0.237058 -0.873788 0.237058 0 P 0
L -0.9918983 0.1189477 -0.873788 0.1189479 0 P 0
L -0.9918983 0.1189477 -0.9918982 0.237058 0 P 0
L -1.0441011 0.0310642 -0.9574872 0.0310642 0 P 0
L -1.0441012 0.0881509 -0.9574872 0.088151 0 P 0
L -1.0441012 0.0881509 -1.0441011 0.0310642 0 P 0
L 0.0203294 0.5487584 0.0203294 0.605845 0 P 0
L 0.0282361 0.310981 0.0282361 0.3680676 0 P 0
L 0.0282361 0.310981 0.1148502 0.3109809 0 P 0
L 0.0282361 0.3680676 0.1148504 0.3680676 0 P 0
L 0.0811209 0.1609565 0.0811209 0.2790667 0 P 0
L 0.1148502 0.3109809 0.1148504 0.3680676 0 P 0
L 0.1554382 -0.052597 0.1554382 0.0044896 0 P 0
L 0.1554382 -0.052597 0.2420523 -0.0525971 0 P 0
L 0.1554382 0.0044896 0.2420523 0.0044897 0 P 0
L 0.1568897 0.8166031 0.1568898 0.729989 0 P 0
L 0.1568897 0.8166031 0.2139765 0.8166031 0 P 0
L 0.1568898 0.729989 0.2139764 0.729989 0 P 0
L 0.2139764 0.729989 0.2139765 0.8166031 0 P 0
L 0.2420523 -0.0525971 0.2420523 0.0044897 0 P 0
L 0.253876 0.7418 0.253876 0.8047922 0 P 0
L 0.253876 0.7418 0.3680492 0.7418 0 P 0
L 0.253876 0.8047922 0.3680492 0.8047922 0 P 0
L 0.2602444 0.6040653 0.2602444 0.6611521 0 P 0
L 0.2602444 0.6040653 0.3468585 0.6040654 0 P 0
L 0.2602444 0.6611521 0.3468585 0.661152 0 P 0
L 0.3468585 0.6040654 0.3468585 0.661152 0 P 0
L 0.3680492 0.7418 0.3680492 0.8047922 0 P 0
L 0.4823867 0.7703179 0.4823867 0.8569321 0 P 0
L 0.4823867 0.7703179 0.5394733 0.7703179 0 P 0
L 0.4823867 0.8569321 0.5394733 0.8569321 0 P 0
L 0.5394733 0.7703179 0.5394733 0.8569321 0 P 0
L 0.6628349 -0.0860614 0.749449 -0.0860615 0 P 0
L 0.6628349 -0.1431482 0.6628349 -0.0860614 0 P 0
L 0.6628349 -0.1431482 0.749449 -0.1431481 0 P 0
L 0.749449 -0.1431481 0.749449 -0.0860615 0 P 0
L 0.7595984 0.7633184 0.7595984 0.8499326 0 P 0
L 0.7595984 0.7633184 0.816685 0.7633184 0 P 0
L 0.7595984 0.8499326 0.816685 0.8499326 0 P 0
L 0.79439 0.0664973 0.7943901 0.123584 0 P 0
L 0.79439 0.0664973 0.8810042 0.0664973 0 P 0
L 0.7943901 0.123584 0.8810042 0.1235839 0 P 0
L 0.816685 0.7633184 0.816685 0.8499326 0 P 0
L 0.8713553 0.1525055 0.8713553 0.2706157 0 P 0
L 0.8713553 0.1525055 0.9894654 0.1525054 0 P 0
L 0.8713553 0.2706157 0.9894656 0.2706158 0 P 0
L 0.8810042 0.0664973 0.8810042 0.1235839 0 P 0
L 0.9344919 0.2968596 0.9344919 0.3539464 0 P 0
L 0.9344919 0.2968596 1.0211057 0.2968595 0 P 0
L 0.9344919 0.3539464 1.0211059 0.3539464 0 P 0
L 0.9894654 0.1525054 0.9894656 0.2706158 0 P 0
L 1.0211057 0.2968595 1.0211059 0.3539464 0 P 0
